source: results/2026-10-08-interpolation-boxes-N2.jsonl
N = 2, M = 16
Smallest box allowed by (3.1): t = (9, 11, 12), 1560 rows
Corollary 4 box for H = 1: floor(T) = (80, 80, 80), 531441 rows
Corollary 4 box for H = 2: floor(T) = (128, 64, 64), 545025 rows

   d kernel   4ab #minimal min rows max rows all cert.  minimal boxes (t1,t2,t3)
   5   True  True       25       16       20      True  (15,0,0) (7,0,1) (5,0,2) (4,0,3) (3,0,4) (2,0,5) (1,0,7) (8,1,0) (4,1,1) (2,1,2) (1,1,4) (0,1,7) (5,2,0) (2,2,1) (1,2,2) (0,2,5) (4,3,0) (0,3,4) (3,4,0) (1,4,1) (0,4,3) (2,5,0) (0,5,2) (0,7,1) (1,8,0)
  13   True  True       25       16       20      True  (15,0,0) (7,0,1) (5,0,2) (4,0,3) (3,0,4) (2,0,5) (1,0,7) (7,1,0) (4,1,1) (2,1,2) (1,1,4) (0,1,7) (5,2,0) (2,2,1) (1,2,2) (0,2,5) (4,3,0) (0,3,4) (3,4,0) (1,4,1) (0,4,3) (2,5,0) (0,5,2) (1,7,0) (0,7,1)
  17   True  True       25       16       20      True  (15,0,0) (7,0,1) (5,0,2) (4,0,3) (3,0,4) (2,0,5) (1,0,7) (7,1,0) (4,1,1) (2,1,2) (1,1,4) (0,1,7) (5,2,0) (2,2,1) (1,2,2) (0,2,5) (4,3,0) (0,3,4) (3,4,0) (1,4,1) (0,4,3) (2,5,0) (0,5,2) (1,7,0) (0,7,1)
  -3   True  True       25       16       20      True  (15,0,0) (7,0,1) (5,0,2) (4,0,3) (3,0,4) (2,0,5) (1,0,7) (7,1,0) (4,1,1) (2,1,2) (1,1,4) (0,1,7) (5,2,0) (2,2,1) (1,2,2) (0,2,5) (4,3,0) (0,3,4) (3,4,0) (1,4,1) (0,4,3) (2,5,0) (0,5,2) (1,7,0) (0,7,1)
  -7   True  True       25       16       20      True  (15,0,0) (7,0,1) (5,0,2) (4,0,3) (3,0,4) (2,0,5) (1,0,7) (7,1,0) (4,1,1) (2,1,2) (1,1,4) (0,1,7) (5,2,0) (2,2,1) (1,2,2) (0,2,5) (4,3,0) (0,3,4) (3,4,0) (1,4,1) (0,4,3) (2,5,0) (0,5,2) (1,7,0) (0,7,1)
 -11   True  True       25       16       20      True  (15,0,0) (7,0,1) (5,0,2) (4,0,3) (3,0,4) (2,0,5) (1,0,7) (7,1,0) (4,1,1) (2,1,2) (1,1,4) (0,1,7) (5,2,0) (2,2,1) (1,2,2) (0,2,5) (4,3,0) (0,3,4) (3,4,0) (1,4,1) (0,4,3) (2,5,0) (0,5,2) (1,7,0) (0,7,1)
   3   True  True       25       16       20      True  (15,0,0) (7,0,1) (5,0,2) (4,0,3) (3,0,4) (2,0,5) (1,0,7) (7,1,0) (4,1,1) (2,1,2) (1,1,4) (0,1,7) (5,2,0) (2,2,1) (1,2,2) (0,2,5) (4,3,0) (0,3,4) (3,4,0) (1,4,1) (0,4,3) (2,5,0) (0,5,2) (1,7,0) (0,7,1)
   7   True  True       25       16       20      True  (15,0,0) (7,0,1) (5,0,2) (4,0,3) (3,0,4) (2,0,5) (1,0,7) (7,1,0) (4,1,1) (2,1,2) (1,1,4) (0,1,7) (5,2,0) (2,2,1) (1,2,2) (0,2,5) (4,3,0) (0,3,4) (3,4,0) (1,4,1) (0,4,3) (2,5,0) (0,5,2) (1,7,0) (0,7,1)
  -1   True  True       27       16       24      True  (15,0,0) (7,0,1) (5,0,2) (4,0,3) (3,0,4) (2,0,5) (1,0,7) (7,1,0) (5,1,1) (3,1,2) (2,1,3) (1,1,4) (0,1,7) (5,2,0) (3,2,1) (1,2,2) (0,2,5) (4,3,0) (2,3,1) (0,3,4) (3,4,0) (1,4,1) (0,4,3) (2,5,0) (0,5,2) (1,7,0) (0,7,1)
  -5   True  True       25       16       20      True  (15,0,0) (7,0,1) (5,0,2) (4,0,3) (3,0,4) (2,0,5) (1,0,7) (7,1,0) (4,1,1) (2,1,2) (1,1,4) (0,1,7) (5,2,0) (2,2,1) (1,2,2) (0,2,5) (4,3,0) (0,3,4) (3,4,0) (1,4,1) (0,4,3) (2,5,0) (0,5,2) (1,7,0) (0,7,1)
   6   True  True       25       16       20      True  (15,0,0) (7,0,1) (5,0,2) (4,0,3) (3,0,4) (2,0,5) (1,0,7) (7,1,0) (4,1,1) (2,1,2) (1,1,4) (0,1,7) (5,2,0) (2,2,1) (1,2,2) (0,2,5) (4,3,0) (0,3,4) (3,4,0) (1,4,1) (0,4,3) (2,5,0) (0,5,2) (1,7,0) (0,7,1)
  10   True  True       25       16       20      True  (15,0,0) (7,0,1) (5,0,2) (4,0,3) (3,0,4) (2,0,5) (1,0,7) (7,1,0) (4,1,1) (2,1,2) (1,1,4) (0,1,7) (5,2,0) (2,2,1) (1,2,2) (0,2,5) (4,3,0) (0,3,4) (3,4,0) (1,4,1) (0,4,3) (2,5,0) (0,5,2) (1,7,0) (0,7,1)
  -2   True  True       25       16       20      True  (15,0,0) (7,0,1) (5,0,2) (4,0,3) (3,0,4) (2,0,5) (1,0,7) (7,1,0) (4,1,1) (2,1,2) (1,1,4) (0,1,7) (5,2,0) (2,2,1) (1,2,2) (0,2,5) (4,3,0) (0,3,4) (3,4,0) (1,4,1) (0,4,3) (2,5,0) (0,5,2) (1,7,0) (0,7,1)
  -6   True  True       25       16       20      True  (15,0,0) (7,0,1) (5,0,2) (4,0,3) (3,0,4) (2,0,5) (1,0,7) (7,1,0) (4,1,1) (2,1,2) (1,1,4) (0,1,7) (5,2,0) (2,2,1) (1,2,2) (0,2,5) (4,3,0) (0,3,4) (3,4,0) (1,4,1) (0,4,3) (2,5,0) (0,5,2) (1,7,0) (0,7,1)

Fields grouped by identical minimal-box sets:
   [5]
   [13, 17, -3, -7, -11, 3, 7, -5, 6, 10, -2, -6]
   [-1]

Symmetry t2 <-> t3 of the minimal-box set: {5: False, 13: True, 17: True, -3: True, -7: True, -11: True, 3: True, 7: True, -1: True, -5: True, 6: True, 10: True, -2: True, -6: True}
