sources: results/2026-10-08-lemma7-N5-probe-flint.jsonl, results/2026-10-08-lemma7-N5-H2345-flint.jsonl, results/2026-10-08-lemma7-N5-H23-more-flint.jsonl
python-flint 0.9.0 | all inequality checks are rigorous (Arb); ratios are Arb midpoints

 N  H    d    q S1/(MH^2/3U) S2/(MH^-1/3U)  S2/S1  LHS=logN/4   RHS(5.1) LHS/RHS ok5.1    L_all      L_U     line2 okL7 ok5.6 LHS/(S1logU)   S1logU (S1+S2)3/4logU sh_adm  sh_++ sh_oth  sh_2q Lhyp/LHS
 5  2  -11   11       0.4272        0.7554  0.884     14065.9    35385.9   0.397  True    828.0    568.2   -2334.5 True  True        1.809   7776.8        10989.2  0.067  0.000  0.126  0.615    0.196
 5  2   -7    7       0.4272        0.7554  0.884     13149.7    33842.8   0.389  True   2188.7   1929.0    -848.3 True  True        1.691   7776.8        10989.2  0.248  0.000  0.000  0.674    0.187
 5  2   -6   24       0.4272        0.7554  0.884     12839.9    38049.3   0.337  True    259.8      0.0   -3341.9 True  True        1.651   7776.8        10989.2  0.023  0.060  0.042  0.697    0.149
 5  2   -5   20       0.4272        0.7554  0.884     12479.6    37426.9   0.333  True    528.3      0.0   -3341.9 True  True        1.605   7776.8        10989.2  0.045  0.063  0.098  0.643    0.177
 5  2   -3    3       0.4272        0.7554  0.884     11487.8    30950.1   0.371  True   1138.0    812.8   -2175.4 True  True        1.477   7776.8        10989.2  0.121  0.068  0.000  0.719    0.166
 5  2   -2    8       0.4272        0.7554  0.884     10731.8    34298.7   0.313  True   1560.5   1381.0   -1168.0 True  True        1.380   7776.8        10989.2  0.181  0.005  0.115  0.584    0.282
 5  2   -1    4       0.4263        0.7564  0.887      9499.3    31914.7   0.298  True   1971.7   1681.9   -1012.5 True  True        1.224   7759.6        10982.8  0.289  0.016  0.057  0.578    0.318
 5  2    3   12       0.4272        0.7554  0.884     11145.1    35682.9   0.312  True   1461.2   1381.0   -1168.0 True  True        1.433   7776.8        10989.2  0.160  0.000  0.000  0.729    0.171
 5  2    5    5       0.4272        0.7554  0.884     12244.3    32694.1   0.375  True   1920.6   1684.4   -1007.4 True  True        1.574   7776.8        10989.2  0.230  0.000  0.000  0.667    0.181
 5  2    6   24       0.4272        0.7554  0.884     12634.8    38049.3   0.332  True   1073.0    568.2   -2334.5 True  True        1.625   7776.8        10989.2  0.095  0.000  0.047  0.704    0.151
 5  2    7   28       0.4272        0.7554  0.884     12979.4    38575.6   0.336  True   1317.5    812.8   -2175.4 True  True        1.669   7776.8        10989.2  0.124  0.000  0.095  0.662    0.189
 5  2   10   40       0.4272        0.7554  0.884     13756.5    39793.3   0.346  True    917.0    568.2   -2334.5 True  True        1.769   7776.8        10989.2  0.085  0.000  0.093  0.644    0.161
 5  2   13   13       0.4272        0.7554  0.884     14320.4    35956.2   0.398  True   1673.1   1381.0   -1168.0 True  True        1.841   7776.8        10989.2  0.153  0.004  0.086  0.619    0.199
 5  2   17   17       0.4272        0.7554  0.884     14896.4    36872.1   0.404  True   2765.7   2497.2     159.1 True  True        1.915   7776.8        10989.2  0.256  0.000  0.000  0.640    0.199
 5  3  -11   11       0.4362        0.7344  0.561     15684.3    39012.6   0.402  True   1615.4    889.3   -1994.0 True  True        1.507  10405.6        12183.4  0.108  0.024  0.111  0.538    0.183
 5  3   -7    7       0.4362        0.7344  0.561     14623.3    37301.9   0.392  True   1917.0   1194.2   -1781.1 True  True        1.405  10405.6        12183.4  0.144  0.004  0.168  0.616    0.169
 5  3   -6   24       0.4362        0.7344  0.561     14273.1    41965.5   0.340  True    779.2      0.0   -3341.9 True  True        1.372  10405.6        12183.4  0.055  0.070  0.037  0.613    0.236
 5  3   -5   20       0.4362        0.7344  0.561     13859.0    41275.5   0.336  True   1221.5      0.0   -3341.9 True  True        1.332  10405.6        12183.4  0.089  0.085  0.088  0.561    0.157
 5  3   -3    3       0.4362        0.7344  0.561     12737.1    34094.9   0.374  True   1956.8   1194.2   -1781.1 True  True        1.224  10405.6        12183.4  0.169  0.089  0.000  0.637    0.264
 5  3   -2    8       0.4362        0.7344  0.561     11881.1    37807.3   0.314  True   2517.8   2083.5    -433.1 True  True        1.142  10405.6        12183.4  0.243  0.017  0.103  0.505    0.283
 5  3   -1    4       0.4549        0.7190  0.527     10769.3    35841.0   0.300  True   1720.3    943.8   -1936.4 True  True        0.993  10849.8        12424.9  0.163  0.023  0.266  0.486    0.337
 5  3    3   12       0.4362        0.7344  0.561     12194.6    39342.0   0.310  True   2435.1   2083.5    -433.1 True  True        1.172  10405.6        12183.4  0.221  0.005  0.000  0.653    0.276
 5  3    5    5       0.4362        0.7344  0.561     13499.2    36028.3   0.375  True   1524.2    889.3   -1994.0 True  True        1.297  10405.6        12183.4  0.118  0.000  0.182  0.588    0.161
 5  3    6   24       0.4362        0.7344  0.561     13965.5    41965.5   0.333  True   1966.5    889.3   -1994.0 True  True        1.342  10405.6        12183.4  0.147  0.004  0.038  0.622    0.241
 5  3    7   28       0.4362        0.7344  0.561     14357.8    42549.0   0.337  True   2327.9   1194.2   -1781.1 True  True        1.380  10405.6        12183.4  0.175  0.000  0.085  0.603    0.172
 5  3   10   40       0.4362        0.7344  0.561     15259.2    43899.0   0.348  True   1796.1    889.3   -1994.0 True  True        1.466  10405.6        12183.4  0.132  0.000  0.082  0.561    0.142
 5  3   13   13       0.4362        0.7344  0.561     15916.3    39644.9   0.401  True   2726.5   2083.5    -433.1 True  True        1.530  10405.6        12183.4  0.203  0.016  0.077  0.543    0.188
 5  3   17   17       0.4362        0.7344  0.561     16591.4    40660.3   0.408  True   2642.1   2083.5    -433.1 True  True        1.594  10405.6        12183.4  0.175  0.000  0.139  0.572    0.191
 5  4   -7    7       0.4356        0.7233  0.415     16080.7    40705.0   0.395  True   2685.7   1517.7   -1454.1 True  True        1.278  12585.8        13358.3  0.178  0.009  0.147  0.579    0.222
 5  4   -3    3       0.4356        0.7233  0.415     13974.3    37188.7   0.376  True   2734.1   1517.7   -1454.1 True  True        1.110  12585.8        13358.3  0.208  0.104  0.000  0.580    0.338
 5  4   -2    8       0.4356        0.7233  0.415     13020.8    41259.2   0.316  True   3431.7   2675.5     176.3 True  True        1.035  12585.8        13358.3  0.291  0.026  0.092  0.459    0.363
 5  4   -1    4       0.4336        0.7254  0.418     11473.8    38295.0   0.300  True   2253.9   1152.0   -1719.1 True  True        0.916  12527.9        13326.1  0.201  0.031  0.233  0.458    0.408
 5  4    3   12       0.4356        0.7233  0.415     13208.4    42941.9   0.308  True   3329.8   2675.5     176.3 True  True        1.049  12585.8        13358.3  0.269  0.011  0.000  0.598    0.358
 5  4    5    5       0.4356        0.7233  0.415     14715.4    39308.7   0.374  True   2190.1   1157.8   -1711.5 True  True        1.169  12585.8        13358.3  0.152  0.001  0.161  0.545    0.218
 5  4    6   24       0.4356        0.7233  0.415     15245.6    45818.4   0.333  True   2767.4   1157.8   -1711.5 True  True        1.211  12585.8        13358.3  0.185  0.009  0.035  0.565    0.310
 5  4   13   13       0.4356        0.7233  0.415     17467.1    43274.0   0.404  True   3650.1   2675.5     176.3 True  True        1.388  12585.8        13358.3  0.238  0.027  0.068  0.497    0.239
 5  5   -7    7       0.4449        0.7040  0.316     17813.0    44676.9   0.399  True   1699.5      0.0   -3341.9 True  True        1.194  14918.4        14729.6  0.095  0.014  0.247  0.535    0.169
 5  5   -3    3       0.4449        0.7040  0.316     15444.9    40799.7   0.379  True   1777.9      0.0   -3341.9 True  True        1.035  14918.4        14729.6  0.115  0.121  0.132  0.527    0.289
 5  5   -2    8       0.4449        0.7040  0.316     14388.7    45287.9   0.318  True   2658.9   1455.5   -1409.4 True  True        0.964  14918.4        14729.6  0.189  0.049  0.233  0.414    0.310
 5  5   -1    4       0.4436        0.7053  0.318     12682.4    42046.0   0.302  True   3082.4   1451.6   -1414.9 True  True        0.853  14875.5        14703.8  0.248  0.038  0.213  0.412    0.349
 5  5    3   12       0.4449        0.7040  0.316     14398.9    47143.4   0.305  True   2528.2   1455.5   -1409.4 True  True        0.965  14918.4        14729.6  0.179  0.018  0.141  0.548    0.310
 5  5    5    5       0.4449        0.7040  0.316     16118.3    43137.2   0.374  True   2956.2   1455.5   -1409.4 True  True        1.080  14918.4        14729.6  0.187  0.005  0.149  0.503    0.277
 5  5    6   24       0.4449        0.7040  0.316     16723.9    50315.2   0.332  True   3699.8   1455.5   -1409.4 True  True        1.121  14918.4        14729.6  0.225  0.015  0.034  0.515    0.267
 5  5   13   13       0.4449        0.7040  0.316     19291.0    47509.6   0.406  True   2862.9   1455.5   -1409.4 True  True        1.293  14918.4        14729.6  0.152  0.038  0.184  0.450    0.193

c0 = 2.657e-05, C0 = 192. Runs: 44. All rigorous checks True: True
