source: results/2026-10-08-interpolation-boxes-N3.jsonl
N = 3, M = 81
Smallest box allowed by (3.1): t = (20, 25, 27), 15288 rows
Corollary 4 box for H = 1: floor(T) = (138, 138, 138), 2685619 rows
Corollary 4 box for H = 2: floor(T) = (219, 109, 109), 2662000 rows
Corollary 4 box for H = 3: floor(T) = (287, 96, 96), 2709792 rows

   d kernel   4ab #minimal min rows max rows all cert.  minimal boxes (t1,t2,t3)
   5   True  True       68       81      100      True  (80,0,0) (40,0,1) (26,0,2) (20,0,3) (16,0,4) (13,0,5) (11,0,6) (10,0,7) (8,0,8) (7,0,10) (6,0,11) (40,1,0) (20,1,1) (13,1,2) (10,1,3) (8,1,4) (6,1,5) (5,1,6) (4,1,8) (3,1,10) (26,2,0) (13,2,1) (8,2,2) (6,2,3) (5,2,4) (4,2,5) (3,2,6) (2,2,8) (20,3,0) (10,3,1) (6,3,2) (5,3,3) (4,3,4) (3,3,5) (2,3,6) (1,3,10) (16,4,0) (8,4,1) (5,4,2) (4,4,3) (3,4,4) (2,4,5) (1,4,8) (13,5,0) (6,5,1) (4,5,2) (3,5,3) (2,5,4) (1,5,6) (11,6,0) (5,6,1) (3,6,2) (2,6,3) (1,6,5) (0,6,11) (10,7,0) (0,7,10) (8,8,0) (4,8,1) (2,8,2) (1,8,4) (0,8,8) (7,10,0) (3,10,1) (1,10,3) (0,10,7) (6,11,0) (0,11,6)
  13   True  True       68       81      100      True  (80,0,0) (40,0,1) (26,0,2) (20,0,3) (16,0,4) (13,0,5) (11,0,6) (10,0,7) (8,0,8) (7,0,10) (6,0,11) (40,1,0) (20,1,1) (13,1,2) (10,1,3) (8,1,4) (6,1,5) (5,1,6) (4,1,8) (3,1,10) (26,2,0) (13,2,1) (8,2,2) (6,2,3) (5,2,4) (4,2,5) (3,2,6) (2,2,8) (20,3,0) (10,3,1) (6,3,2) (5,3,3) (4,3,4) (3,3,5) (2,3,6) (1,3,10) (16,4,0) (8,4,1) (5,4,2) (4,4,3) (3,4,4) (2,4,5) (1,4,8) (13,5,0) (6,5,1) (4,5,2) (3,5,3) (2,5,4) (1,5,6) (11,6,0) (5,6,1) (3,6,2) (2,6,3) (1,6,5) (0,6,11) (10,7,0) (0,7,10) (8,8,0) (4,8,1) (2,8,2) (1,8,4) (0,8,8) (7,10,0) (3,10,1) (1,10,3) (0,10,7) (6,11,0) (0,11,6)
  17   True  True       68       81      100      True  (80,0,0) (40,0,1) (26,0,2) (20,0,3) (16,0,4) (13,0,5) (11,0,6) (10,0,7) (8,0,8) (7,0,10) (6,0,11) (40,1,0) (20,1,1) (13,1,2) (10,1,3) (8,1,4) (6,1,5) (5,1,6) (4,1,8) (3,1,10) (26,2,0) (13,2,1) (8,2,2) (6,2,3) (5,2,4) (4,2,5) (3,2,6) (2,2,8) (20,3,0) (10,3,1) (6,3,2) (5,3,3) (4,3,4) (3,3,5) (2,3,6) (1,3,10) (16,4,0) (8,4,1) (5,4,2) (4,4,3) (3,4,4) (2,4,5) (1,4,8) (13,5,0) (6,5,1) (4,5,2) (3,5,3) (2,5,4) (1,5,6) (11,6,0) (5,6,1) (3,6,2) (2,6,3) (1,6,5) (0,6,11) (10,7,0) (0,7,10) (8,8,0) (4,8,1) (2,8,2) (1,8,4) (0,8,8) (7,10,0) (3,10,1) (1,10,3) (0,10,7) (6,11,0) (0,11,6)
  -3   True  True       68       81      100      True  (80,0,0) (40,0,1) (26,0,2) (20,0,3) (16,0,4) (13,0,5) (11,0,6) (10,0,7) (8,0,8) (7,0,10) (6,0,11) (40,1,0) (20,1,1) (13,1,2) (10,1,3) (8,1,4) (6,1,5) (5,1,6) (4,1,8) (3,1,10) (26,2,0) (13,2,1) (8,2,2) (6,2,3) (5,2,4) (4,2,5) (3,2,6) (2,2,8) (20,3,0) (10,3,1) (6,3,2) (5,3,3) (4,3,4) (3,3,5) (2,3,6) (1,3,10) (16,4,0) (8,4,1) (5,4,2) (4,4,3) (3,4,4) (2,4,5) (1,4,8) (13,5,0) (6,5,1) (4,5,2) (3,5,3) (2,5,4) (1,5,6) (11,6,0) (5,6,1) (3,6,2) (2,6,3) (1,6,5) (0,6,11) (10,7,0) (0,7,10) (8,8,0) (4,8,1) (2,8,2) (1,8,4) (0,8,8) (7,10,0) (3,10,1) (1,10,3) (0,10,7) (6,11,0) (0,11,6)
  -7   True  True       68       81      100      True  (80,0,0) (40,0,1) (26,0,2) (20,0,3) (16,0,4) (13,0,5) (11,0,6) (10,0,7) (8,0,8) (7,0,10) (6,0,11) (40,1,0) (20,1,1) (13,1,2) (10,1,3) (8,1,4) (6,1,5) (5,1,6) (4,1,8) (3,1,10) (26,2,0) (13,2,1) (8,2,2) (6,2,3) (5,2,4) (4,2,5) (3,2,6) (2,2,8) (20,3,0) (10,3,1) (6,3,2) (5,3,3) (4,3,4) (3,3,5) (2,3,6) (1,3,10) (16,4,0) (8,4,1) (5,4,2) (4,4,3) (3,4,4) (2,4,5) (1,4,8) (13,5,0) (6,5,1) (4,5,2) (3,5,3) (2,5,4) (1,5,6) (11,6,0) (5,6,1) (3,6,2) (2,6,3) (1,6,5) (0,6,11) (10,7,0) (0,7,10) (8,8,0) (4,8,1) (2,8,2) (1,8,4) (0,8,8) (7,10,0) (3,10,1) (1,10,3) (0,10,7) (6,11,0) (0,11,6)
 -11   True  True       68       81      100      True  (80,0,0) (40,0,1) (26,0,2) (20,0,3) (16,0,4) (13,0,5) (11,0,6) (10,0,7) (8,0,8) (7,0,10) (6,0,11) (40,1,0) (20,1,1) (13,1,2) (10,1,3) (8,1,4) (6,1,5) (5,1,6) (4,1,8) (3,1,10) (26,2,0) (13,2,1) (8,2,2) (6,2,3) (5,2,4) (4,2,5) (3,2,6) (2,2,8) (20,3,0) (10,3,1) (6,3,2) (5,3,3) (4,3,4) (3,3,5) (2,3,6) (1,3,10) (16,4,0) (8,4,1) (5,4,2) (4,4,3) (3,4,4) (2,4,5) (1,4,8) (13,5,0) (6,5,1) (4,5,2) (3,5,3) (2,5,4) (1,5,6) (11,6,0) (5,6,1) (3,6,2) (2,6,3) (1,6,5) (0,6,11) (10,7,0) (0,7,10) (8,8,0) (4,8,1) (2,8,2) (1,8,4) (0,8,8) (7,10,0) (3,10,1) (1,10,3) (0,10,7) (6,11,0) (0,11,6)
   3   True  True       68       81      100      True  (80,0,0) (40,0,1) (26,0,2) (20,0,3) (16,0,4) (13,0,5) (11,0,6) (10,0,7) (8,0,8) (7,0,10) (6,0,11) (40,1,0) (20,1,1) (13,1,2) (10,1,3) (8,1,4) (6,1,5) (5,1,6) (4,1,8) (3,1,10) (26,2,0) (13,2,1) (8,2,2) (6,2,3) (5,2,4) (4,2,5) (3,2,6) (2,2,8) (20,3,0) (10,3,1) (6,3,2) (5,3,3) (4,3,4) (3,3,5) (2,3,6) (1,3,10) (16,4,0) (8,4,1) (5,4,2) (4,4,3) (3,4,4) (2,4,5) (1,4,8) (13,5,0) (6,5,1) (4,5,2) (3,5,3) (2,5,4) (1,5,6) (11,6,0) (5,6,1) (3,6,2) (2,6,3) (1,6,5) (0,6,11) (10,7,0) (0,7,10) (8,8,0) (4,8,1) (2,8,2) (1,8,4) (0,8,8) (7,10,0) (3,10,1) (1,10,3) (0,10,7) (6,11,0) (0,11,6)
   7   True  True       68       81      100      True  (80,0,0) (40,0,1) (26,0,2) (20,0,3) (16,0,4) (13,0,5) (11,0,6) (10,0,7) (8,0,8) (7,0,10) (6,0,11) (40,1,0) (20,1,1) (13,1,2) (10,1,3) (8,1,4) (6,1,5) (5,1,6) (4,1,8) (3,1,10) (26,2,0) (13,2,1) (8,2,2) (6,2,3) (5,2,4) (4,2,5) (3,2,6) (2,2,8) (20,3,0) (10,3,1) (6,3,2) (5,3,3) (4,3,4) (3,3,5) (2,3,6) (1,3,10) (16,4,0) (8,4,1) (5,4,2) (4,4,3) (3,4,4) (2,4,5) (1,4,8) (13,5,0) (6,5,1) (4,5,2) (3,5,3) (2,5,4) (1,5,6) (11,6,0) (5,6,1) (3,6,2) (2,6,3) (1,6,5) (0,6,11) (10,7,0) (0,7,10) (8,8,0) (4,8,1) (2,8,2) (1,8,4) (0,8,8) (7,10,0) (3,10,1) (1,10,3) (0,10,7) (6,11,0) (0,11,6)
  -1   True  True       68       81      100      True  (80,0,0) (40,0,1) (26,0,2) (20,0,3) (16,0,4) (13,0,5) (11,0,6) (10,0,7) (8,0,8) (7,0,10) (6,0,11) (40,1,0) (20,1,1) (13,1,2) (10,1,3) (8,1,4) (6,1,5) (5,1,7) (4,1,8) (3,1,10) (26,2,0) (13,2,1) (9,2,2) (6,2,3) (5,2,4) (4,2,5) (3,2,6) (2,2,8) (20,3,0) (10,3,1) (6,3,2) (5,3,3) (4,3,4) (3,3,5) (2,3,6) (1,3,10) (16,4,0) (8,4,1) (5,4,2) (4,4,3) (3,4,4) (2,4,5) (1,4,8) (13,5,0) (6,5,1) (4,5,2) (3,5,3) (2,5,4) (1,5,6) (11,6,0) (3,6,2) (2,6,3) (1,6,5) (0,6,11) (10,7,0) (5,7,1) (0,7,10) (8,8,0) (4,8,1) (2,8,2) (1,8,4) (0,8,8) (7,10,0) (3,10,1) (1,10,3) (0,10,7) (6,11,0) (0,11,6)
  -5   True  True       68       81      100      True  (80,0,0) (40,0,1) (26,0,2) (20,0,3) (16,0,4) (13,0,5) (11,0,6) (10,0,7) (8,0,8) (7,0,10) (6,0,11) (40,1,0) (20,1,1) (13,1,2) (10,1,3) (8,1,4) (6,1,5) (5,1,6) (4,1,8) (3,1,10) (26,2,0) (13,2,1) (8,2,2) (6,2,3) (5,2,4) (4,2,5) (3,2,6) (2,2,8) (20,3,0) (10,3,1) (6,3,2) (5,3,3) (4,3,4) (3,3,5) (2,3,6) (1,3,10) (16,4,0) (8,4,1) (5,4,2) (4,4,3) (3,4,4) (2,4,5) (1,4,8) (13,5,0) (6,5,1) (4,5,2) (3,5,3) (2,5,4) (1,5,6) (11,6,0) (5,6,1) (3,6,2) (2,6,3) (1,6,5) (0,6,11) (10,7,0) (0,7,10) (8,8,0) (4,8,1) (2,8,2) (1,8,4) (0,8,8) (7,10,0) (3,10,1) (1,10,3) (0,10,7) (6,11,0) (0,11,6)
   6   True  True       68       81      100      True  (80,0,0) (40,0,1) (26,0,2) (20,0,3) (16,0,4) (13,0,5) (11,0,6) (10,0,7) (8,0,8) (7,0,10) (6,0,11) (40,1,0) (20,1,1) (13,1,2) (10,1,3) (8,1,4) (6,1,5) (5,1,6) (4,1,8) (3,1,10) (26,2,0) (13,2,1) (8,2,2) (6,2,3) (5,2,4) (4,2,5) (3,2,6) (2,2,8) (20,3,0) (10,3,1) (6,3,2) (5,3,3) (4,3,4) (3,3,5) (2,3,6) (1,3,10) (16,4,0) (8,4,1) (5,4,2) (4,4,3) (3,4,4) (2,4,5) (1,4,8) (13,5,0) (6,5,1) (4,5,2) (3,5,3) (2,5,4) (1,5,6) (11,6,0) (5,6,1) (3,6,2) (2,6,3) (1,6,5) (0,6,11) (10,7,0) (0,7,10) (8,8,0) (4,8,1) (2,8,2) (1,8,4) (0,8,8) (7,10,0) (3,10,1) (1,10,3) (0,10,7) (6,11,0) (0,11,6)
  10   True  True       68       81      100      True  (80,0,0) (40,0,1) (26,0,2) (20,0,3) (16,0,4) (13,0,5) (11,0,6) (10,0,7) (8,0,8) (7,0,10) (6,0,11) (40,1,0) (20,1,1) (13,1,2) (10,1,3) (8,1,4) (6,1,5) (5,1,6) (4,1,8) (3,1,10) (26,2,0) (13,2,1) (8,2,2) (6,2,3) (5,2,4) (4,2,5) (3,2,6) (2,2,8) (20,3,0) (10,3,1) (6,3,2) (5,3,3) (4,3,4) (3,3,5) (2,3,6) (1,3,10) (16,4,0) (8,4,1) (5,4,2) (4,4,3) (3,4,4) (2,4,5) (1,4,8) (13,5,0) (6,5,1) (4,5,2) (3,5,3) (2,5,4) (1,5,6) (11,6,0) (5,6,1) (3,6,2) (2,6,3) (1,6,5) (0,6,11) (10,7,0) (0,7,10) (8,8,0) (4,8,1) (2,8,2) (1,8,4) (0,8,8) (7,10,0) (3,10,1) (1,10,3) (0,10,7) (6,11,0) (0,11,6)
  -2   True  True       68       81      100      True  (80,0,0) (40,0,1) (26,0,2) (20,0,3) (16,0,4) (13,0,5) (11,0,6) (10,0,7) (8,0,8) (7,0,10) (6,0,11) (40,1,0) (20,1,1) (13,1,2) (10,1,3) (8,1,4) (6,1,5) (5,1,6) (4,1,8) (3,1,10) (26,2,0) (13,2,1) (8,2,2) (6,2,3) (5,2,4) (4,2,5) (3,2,6) (2,2,8) (20,3,0) (10,3,1) (6,3,2) (5,3,3) (4,3,4) (3,3,5) (2,3,6) (1,3,10) (16,4,0) (8,4,1) (5,4,2) (4,4,3) (3,4,4) (2,4,5) (1,4,8) (13,5,0) (6,5,1) (4,5,2) (3,5,3) (2,5,4) (1,5,6) (11,6,0) (5,6,1) (3,6,2) (2,6,3) (1,6,5) (0,6,11) (10,7,0) (0,7,10) (8,8,0) (4,8,1) (2,8,2) (1,8,4) (0,8,8) (7,10,0) (3,10,1) (1,10,3) (0,10,7) (6,11,0) (0,11,6)
  -6   True  True       68       81      100      True  (80,0,0) (40,0,1) (26,0,2) (20,0,3) (16,0,4) (13,0,5) (11,0,6) (10,0,7) (8,0,8) (7,0,10) (6,0,11) (40,1,0) (20,1,1) (13,1,2) (10,1,3) (8,1,4) (6,1,5) (5,1,6) (4,1,8) (3,1,10) (26,2,0) (13,2,1) (8,2,2) (6,2,3) (5,2,4) (4,2,5) (3,2,6) (2,2,8) (20,3,0) (10,3,1) (6,3,2) (5,3,3) (4,3,4) (3,3,5) (2,3,6) (1,3,10) (16,4,0) (8,4,1) (5,4,2) (4,4,3) (3,4,4) (2,4,5) (1,4,8) (13,5,0) (6,5,1) (4,5,2) (3,5,3) (2,5,4) (1,5,6) (11,6,0) (5,6,1) (3,6,2) (2,6,3) (1,6,5) (0,6,11) (10,7,0) (0,7,10) (8,8,0) (4,8,1) (2,8,2) (1,8,4) (0,8,8) (7,10,0) (3,10,1) (1,10,3) (0,10,7) (6,11,0) (0,11,6)

Fields grouped by identical minimal-box sets:
   [5, 13, 17, -3, -7, -11, 3, 7, -5, 6, 10, -2, -6]
   [-1]

Symmetry t2 <-> t3 of the minimal-box set: {5: True, 13: True, 17: True, -3: True, -7: True, -11: True, 3: True, 7: True, -1: True, -5: True, 6: True, 10: True, -2: True, -6: True}
