sources: results/2026-10-08-lemma7-N2-H12-flint.jsonl, results/2026-10-08-lemma7-N3-H1-flint.jsonl, results/2026-10-08-lemma7-N3-H2346-flint.jsonl, results/2026-10-08-lemma7-N4-H234-flint.jsonl
python-flint 0.9.0 | all inequality checks are rigorous (Arb); ratios are Arb midpoints

 N  H    d    q S1/(MH^2/3U) S2/(MH^-1/3U)  S2/S1  LHS=logN/4   RHS(5.1) LHS/RHS ok5.1    L_all      L_U     line2 okL7 ok5.6 LHS/(S1logU)   S1logU (S1+S2)3/4logU sh_adm  sh_++ sh_oth  sh_2q Lhyp/LHS
 2  1  -11   11       0.4465        0.3969  0.889        45.5      157.2   0.289  True      0.0      0.0     -11.1 True  True        2.733     16.6           23.6  0.000  0.000  0.024  0.518    0.048
 2  1   -7    7       0.4465        0.3969  0.889        41.3      149.5   0.276  True      2.2      0.0     -11.1 True  True        2.485     16.6           23.6  0.053  0.000  0.000  0.570    0.053
 2  1   -6   24       0.4465        0.3969  0.889        39.9      170.5   0.234  True      0.0      0.0     -11.1 True  True        2.399     16.6           23.6  0.000  0.000  0.000  0.960    0.000
 2  1   -5   20       0.4465        0.3969  0.889        38.2      167.4   0.228  True      0.0      0.0     -11.1 True  True        2.298     16.6           23.6  0.000  0.000  0.029  0.635    0.057
 2  1   -3    3       0.4465        0.3969  0.889        33.5      135.1   0.248  True      0.0      0.0     -11.1 True  True        2.011     16.6           23.6  0.000  0.000  0.000  1.000    0.000
 2  1   -2    8       0.4465        0.3969  0.889        29.5      151.8   0.194  True      0.0      0.0     -11.1 True  True        1.774     16.6           23.6  0.000  0.000  0.037  0.963    0.074
 2  1   -1    4       0.4217        0.4217  1.000        26.9      140.0   0.192  True      2.2      0.0     -11.1 True  True        1.710     15.7           23.6  0.123  0.000  0.000  0.877    0.082
 2  1    3   12       0.4465        0.3969  0.889        34.1      158.7   0.215  True      0.0      0.0     -11.1 True  True        2.053     16.6           23.6  0.000  0.000  0.000  1.000    0.000
 2  1    5    5       0.4465        0.3969  0.889        38.6      143.8   0.269  True      2.2      0.0     -11.1 True  True        2.323     16.6           23.6  0.057  0.000  0.000  0.610    0.057
 2  1    6   24       0.4465        0.3969  0.889        40.3      170.5   0.236  True      0.0      0.0     -11.1 True  True        2.420     16.6           23.6  0.000  0.000  0.000  0.952    0.000
 2  1    7   28       0.4465        0.3969  0.889        41.6      173.1   0.240  True      0.0      0.0     -11.1 True  True        2.502     16.6           23.6  0.000  0.000  0.026  0.600    0.053
 2  1   10   40       0.4465        0.3969  0.889        44.8      179.2   0.250  True      0.0      0.0     -11.1 True  True        2.692     16.6           23.6  0.000  0.000  0.025  0.634    0.049
 2  1   13   13       0.4465        0.3969  0.889        47.1      160.1   0.294  True      0.0      0.0     -11.1 True  True        2.833     16.6           23.6  0.000  0.000  0.023  0.500    0.047
 2  1   17   17       0.4465        0.3969  0.889        49.5      164.6   0.301  True      2.2      0.0     -11.1 True  True        2.977     16.6           23.6  0.067  0.000  0.000  0.476    0.044
 2  2  -11   11       0.3438        0.4375  0.636        48.0      165.2   0.291  True      0.0      0.0     -11.1 True  True        2.360     20.3           25.0  0.000  0.000  0.124  0.477    0.102
 2  2   -7    7       0.3438        0.4375  0.636        43.3      157.0   0.276  True      4.9      0.0     -11.1 True  True        2.132     20.3           25.0  0.113  0.000  0.000  0.528    0.113
 2  2   -6   24       0.3438        0.4375  0.636        41.7      179.2   0.233  True      0.0      0.0     -11.1 True  True        2.053     20.3           25.0  0.000  0.000  0.116  0.884    0.039
 2  2   -5   20       0.3438        0.4375  0.636        39.8      175.9   0.226  True      0.0      0.0     -11.1 True  True        1.960     20.3           25.0  0.000  0.000  0.028  0.972    0.083
 2  2   -3    3       0.3438        0.4375  0.636        34.4      141.8   0.242  True      1.6      0.0     -11.1 True  True        1.690     20.3           25.0  0.047  0.000  0.000  0.953    0.047
 2  2   -2    8       0.3438        0.4375  0.636        29.7      159.4   0.187  True      1.6      0.0     -11.1 True  True        1.463     20.3           25.0  0.054  0.000  0.037  0.909    0.165
 2  2   -1    4       0.3438        0.4375  0.636        26.6      146.9   0.181  True      3.3      0.0     -11.1 True  True        1.307     20.3           25.0  0.165  0.000  0.000  0.835    0.185
 2  2    3   12       0.3438        0.4375  0.636        35.8      166.7   0.214  True      1.6      0.0     -11.1 True  True        1.759     20.3           25.0  0.045  0.000  0.000  0.955    0.045
 2  2    5    5       0.3438        0.4375  0.636        40.7      151.0   0.269  True      3.3      0.0     -11.1 True  True        2.000     20.3           25.0  0.081  0.000  0.000  0.919    0.081
 2  2    6   24       0.3438        0.4375  0.636        42.4      179.2   0.237  True      0.0      0.0     -11.1 True  True        2.086     20.3           25.0  0.000  0.000  0.038  0.870    0.038
 2  2    7   28       0.3438        0.4375  0.636        43.9      182.0   0.241  True      1.6      0.0     -11.1 True  True        2.160     20.3           25.0  0.037  0.000  0.025  0.584    0.112
 2  2   10   40       0.3438        0.4375  0.636        47.4      188.4   0.252  True      0.0      0.0     -11.1 True  True        2.332     20.3           25.0  0.000  0.000  0.023  0.876    0.070
 2  2   13   13       0.3438        0.4375  0.636        50.0      168.2   0.297  True      1.6      0.0     -11.1 True  True        2.459     20.3           25.0  0.032  0.000  0.022  0.458    0.098
 2  2   17   17       0.3438        0.4375  0.636        52.6      173.0   0.304  True      4.9      0.0     -11.1 True  True        2.589     20.3           25.0  0.135  0.000  0.000  0.435    0.093
 3  1  -11   11       0.4480        0.6021  1.344       615.5     1788.7   0.344  True      3.9      0.0    -145.1 True  True        2.676    230.0          404.3  0.006  0.000  0.116  0.493    0.088
 3  1   -7    7       0.4480        0.6021  1.344       570.3     1705.5   0.334  True     50.2     34.1     -87.6 True  True        2.480    230.0          404.3  0.175  0.000  0.000  0.825    0.088
 3  1   -6   24       0.4480        0.6021  1.344       555.0     1932.3   0.287  True      0.0      0.0    -145.1 True  True        2.413    230.0          404.3  0.000  0.025  0.038  0.905    0.036
 3  1   -5   20       0.4480        0.6021  1.344       536.9     1898.7   0.283  True      0.0      0.0    -145.1 True  True        2.335    230.0          404.3  0.000  0.033  0.094  0.842    0.071
 3  1   -3    3       0.4480        0.6021  1.344       486.8     1549.6   0.314  True     16.1      0.0    -145.1 True  True        2.117    230.0          404.3  0.063  0.036  0.000  0.901    0.041
 3  1   -2    8       0.4480        0.6021  1.344       447.5     1730.1   0.259  True     20.0      0.0    -145.1 True  True        1.946    230.0          404.3  0.077  0.000  0.113  0.810    0.121
 3  1   -1    4       0.4394        0.6106  1.390       385.9     1602.6   0.241  True     36.9     33.0     -88.7 True  True        1.711    225.6          404.3  0.175  0.000  0.046  0.780    0.133
 3  1    3   12       0.4480        0.6021  1.344       470.4     1804.7   0.261  True     20.0      0.0    -145.1 True  True        2.046    230.0          404.3  0.073  0.000  0.000  0.927    0.042
 3  1    5    5       0.4480        0.6021  1.344       528.0     1643.6   0.321  True     37.9     34.1     -87.6 True  True        2.296    230.0          404.3  0.138  0.000  0.000  0.862    0.072
 3  1    6   24       0.4480        0.6021  1.344       547.6     1932.3   0.283  True      3.9      0.0    -145.1 True  True        2.381    230.0          404.3  0.011  0.000  0.050  0.909    0.036
 3  1    7   28       0.4480        0.6021  1.344       564.0     1960.6   0.288  True     16.1      0.0    -145.1 True  True        2.453    230.0          404.3  0.054  0.000  0.090  0.824    0.089
 3  1   10   40       0.4480        0.6021  1.344       601.6     2026.3   0.297  True      3.9      0.0    -145.1 True  True        2.616    230.0          404.3  0.006  0.000  0.093  0.862    0.063
 3  1   13   13       0.4480        0.6021  1.344       628.9     1819.4   0.346  True     20.0      0.0    -145.1 True  True        2.735    230.0          404.3  0.076  0.000  0.080  0.483    0.086
 3  1   17   17       0.4480        0.6021  1.344       656.7     1868.8   0.351  True     54.0     34.1     -87.6 True  True        2.856    230.0          404.3  0.148  0.000  0.000  0.473    0.082
 3  2  -11   11       0.4152        0.6004  0.723       656.1     1920.0   0.342  True     15.6      0.0    -145.1 True  True        1.939    338.4          437.2  0.024  0.000  0.112  0.436    0.166
 3  2   -7    7       0.4152        0.6004  0.723       605.0     1830.1   0.331  True     93.1     59.3     -60.5 True  True        1.788    338.4          437.2  0.194  0.000  0.000  0.772    0.154
 3  2   -6   24       0.4152        0.6004  0.723       587.6     2075.3   0.283  True      0.0      0.0    -145.1 True  True        1.737    338.4          437.2  0.000  0.046  0.036  0.789    0.084
 3  2   -5   20       0.4152        0.6004  0.723       567.1     2039.0   0.278  True      0.0      0.0    -145.1 True  True        1.676    338.4          437.2  0.000  0.034  0.093  0.751    0.132
 3  2   -3    3       0.4152        0.6004  0.723       510.1     1661.5   0.307  True     33.8      0.0    -145.1 True  True        1.508    338.4          437.2  0.069  0.038  0.000  0.828    0.097
 3  2   -2    8       0.4152        0.6004  0.723       465.2     1856.6   0.251  True     49.4      0.0    -145.1 True  True        1.375    338.4          437.2  0.113  0.000  0.113  0.706    0.234
 3  2   -1    4       0.4008        0.6147  0.767       395.8     1703.2   0.232  True     71.6     56.0     -63.5 True  True        1.212    326.7          432.9  0.261  0.000  0.020  0.700    0.262
 3  2    3   12       0.4152        0.6004  0.723       498.4     1937.3   0.257  True     49.4      0.0    -145.1 True  True        1.473    338.4          437.2  0.102  0.000  0.000  0.834    0.099
 3  2    5    5       0.4152        0.6004  0.723       557.1     1763.1   0.316  True     74.9     59.3     -60.5 True  True        1.646    338.4          437.2  0.172  0.000  0.000  0.777    0.134
 3  2    6   24       0.4152        0.6004  0.723       580.1     2075.3   0.280  True     15.6      0.0    -145.1 True  True        1.714    338.4          437.2  0.040  0.000  0.039  0.798    0.085
 3  2    7   28       0.4152        0.6004  0.723       598.5     2105.9   0.284  True     33.8      0.0    -145.1 True  True        1.769    338.4          437.2  0.062  0.000  0.088  0.761    0.156
 3  2   10   40       0.4152        0.6004  0.723       639.6     2176.9   0.294  True     15.6      0.0    -145.1 True  True        1.890    338.4          437.2  0.024  0.000  0.091  0.746    0.117
 3  2   13   13       0.4152        0.6004  0.723       670.8     1953.3   0.343  True     49.4      0.0    -145.1 True  True        1.982    338.4          437.2  0.100  0.000  0.079  0.427    0.162
 3  2   17   17       0.4152        0.6004  0.723       703.4     2006.7   0.351  True    108.7     59.3     -60.5 True  True        2.079    338.4          437.2  0.204  0.000  0.000  0.427    0.155
 3  3  -11   11       0.4403        0.5556  0.421       754.1     2173.9   0.347  True     42.1      0.0    -145.1 True  True        1.604    470.2          501.0  0.083  0.000  0.089  0.635    0.135
 3  3   -7    7       0.4403        0.5556  0.421       691.6     2070.8   0.334  True     64.7      0.0    -145.1 True  True        1.471    470.2          501.0  0.094  0.000  0.170  0.695    0.107
 3  3   -6   24       0.4403        0.5556  0.421       671.6     2351.8   0.286  True      5.1      0.0    -145.1 True  True        1.428    470.2          501.0  0.038  0.070  0.030  0.673    0.166
 3  3   -5   20       0.4403        0.5556  0.421       647.7     2310.2   0.280  True     14.7      0.0    -145.1 True  True        1.378    470.2          501.0  0.045  0.090  0.076  0.630    0.080
 3  3   -3    3       0.4403        0.5556  0.421       581.6     1877.7   0.310  True     69.1      0.0    -145.1 True  True        1.237    470.2          501.0  0.133  0.100  0.004  0.701    0.191
 3  3   -2    8       0.4403        0.5556  0.421       530.1     2101.3   0.252  True    101.7      0.0    -145.1 True  True        1.127    470.2          501.0  0.219  0.000  0.098  0.584    0.210
 3  3   -1    4       0.4733        0.5309  0.374       467.8     2012.9   0.232  True     57.2      0.0    -145.1 True  True        0.926    505.4          520.7  0.132  0.000  0.274  0.556    0.283
 3  3    3   12       0.4403        0.5556  0.421       544.5     2193.7   0.248  True     96.5      0.0    -145.1 True  True        1.158    470.2          501.0  0.192  0.000  0.014  0.732    0.204
 3  3    5    5       0.4403        0.5556  0.421       622.5     1994.1   0.312  True     42.1      0.0    -145.1 True  True        1.324    470.2          501.0  0.068  0.000  0.189  0.670    0.083
 3  3    6   24       0.4403        0.5556  0.421       648.3     2351.8   0.276  True     51.7      0.0    -145.1 True  True        1.379    470.2          501.0  0.111  0.000  0.027  0.686    0.172
 3  3    7   28       0.4403        0.5556  0.421       670.0     2386.9   0.281  True     74.3      0.0    -145.1 True  True        1.425    470.2          501.0  0.156  0.000  0.074  0.685    0.111
 3  3   10   40       0.4403        0.5556  0.421       720.0     2468.2   0.292  True     46.6      0.0    -145.1 True  True        1.531    470.2          501.0  0.068  0.000  0.077  0.643    0.072
 3  3   13   13       0.4403        0.5556  0.421       761.7     2212.0   0.344  True    106.1      0.0    -145.1 True  True        1.620    470.2          501.0  0.185  0.000  0.065  0.634    0.139
 3  3   17   17       0.4403        0.5556  0.421       804.0     2273.1   0.354  True    106.1      0.0    -145.1 True  True        1.710    470.2          501.0  0.156  0.000  0.147  0.358    0.138
 3  4  -11   11       0.4258        0.5435  0.319       809.1     2349.0   0.344  True     60.9      0.0    -145.1 True  True        1.469    550.8          544.9  0.091  0.000  0.082  0.589    0.171
 3  4   -7    7       0.4258        0.5435  0.319       738.9     2236.9   0.330  True     87.5      0.0    -145.1 True  True        1.342    550.8          544.9  0.118  0.000  0.148  0.677    0.144
 3  4   -6   24       0.4258        0.5435  0.319       715.4     2542.4   0.281  True     10.3      0.0    -145.1 True  True        1.299    550.8          544.9  0.032  0.082  0.035  0.624    0.220
 3  4   -5   20       0.4258        0.5435  0.319       690.0     2497.2   0.276  True     29.4      0.0    -145.1 True  True        1.253    550.8          544.9  0.050  0.099  0.070  0.596    0.116
 3  4   -3    3       0.4258        0.5435  0.319       617.8     2026.7   0.305  True     96.4      0.0    -145.1 True  True        1.122    550.8          544.9  0.163  0.110  0.000  0.668    0.255
 3  4   -2    8       0.4258        0.5435  0.319       562.0     2270.0   0.248  True    138.1      0.0    -145.1 True  True        1.020    550.8          544.9  0.272  0.000  0.095  0.544    0.280
 3  4   -1    4       0.4224        0.5481  0.324       473.9     2090.3   0.227  True     67.4      0.0    -145.1 True  True        0.867    546.4          542.7  0.152  0.000  0.247  0.557    0.323
 3  4    3   12       0.4258        0.5435  0.319       571.1     2370.5   0.241  True    127.8      0.0    -145.1 True  True        1.037    550.8          544.9  0.229  0.000  0.013  0.705    0.275
 3  4    5    5       0.4258        0.5435  0.319       657.5     2153.4   0.305  True     60.9      0.0    -145.1 True  True        1.194    550.8          544.9  0.093  0.000  0.163  0.639    0.122
 3  4    6   24       0.4258        0.5435  0.319       687.9     2542.4   0.271  True     80.0      0.0    -145.1 True  True        1.249    550.8          544.9  0.129  0.000  0.030  0.640    0.229
 3  4    7   28       0.4258        0.5435  0.319       712.9     2580.7   0.276  True    106.7      0.0    -145.1 True  True        1.294    550.8          544.9  0.181  0.000  0.068  0.667    0.150
 3  4   10   40       0.4258        0.5435  0.319       769.1     2669.1   0.288  True     69.8      0.0    -145.1 True  True        1.396    550.8          544.9  0.094  0.000  0.070  0.592    0.104
 3  4   13   13       0.4258        0.5435  0.319       816.6     2390.4   0.342  True    147.0      0.0    -145.1 True  True        1.483    550.8          544.9  0.212  0.000  0.059  0.591    0.180
 3  4   17   17       0.4258        0.5435  0.319       862.5     2456.9   0.351  True    147.0      0.0    -145.1 True  True        1.566    550.8          544.9  0.180  0.000  0.120  0.341    0.182
 3  6  -11   11       0.4148        0.5185  0.208       947.1     2716.6   0.349  True    116.8      0.0    -145.1 True  True        1.347    703.1          637.2  0.138  0.000  0.071  0.507    0.123
 3  6   -7    7       0.4148        0.5185  0.208       865.0     2585.6   0.335  True     42.9      0.0    -145.1 True  True        1.230    703.1          637.2  0.053  0.000  0.219  0.605    0.094
 3  6   -6   24       0.4148        0.5185  0.208       837.7     2942.9   0.285  True     42.9      0.0    -145.1 True  True        1.191    703.1          637.2  0.063  0.107  0.024  0.547    0.185
 3  6   -5   20       0.4148        0.5185  0.208       805.8     2890.0   0.279  True     81.2      0.0    -145.1 True  True        1.146    703.1          637.2  0.101  0.128  0.061  0.511    0.193
 3  6   -3    3       0.4148        0.5185  0.208       719.0     2339.8   0.307  True     49.7      0.0    -145.1 True  True        1.023    703.1          637.2  0.069  0.141  0.112  0.597    0.216
 3  6   -2    8       0.4148        0.5185  0.208       652.8     2624.3   0.249  True     99.6      0.0    -145.1 True  True        0.928    703.1          637.2  0.159  0.017  0.242  0.470    0.238
 3  6   -1    4       0.4122        0.5237  0.212       552.6     2415.5   0.229  True    116.3      0.0    -145.1 True  True        0.791    698.7          635.0  0.210  0.051  0.236  0.475    0.277
 3  6    3   12       0.4148        0.5185  0.208       644.8     2741.9   0.235  True     91.2      0.0    -145.1 True  True        0.917    703.1          637.2  0.155  0.000  0.134  0.635    0.241
 3  6    5    5       0.4148        0.5185  0.208       756.7     2488.0   0.304  True    110.9      0.0    -145.1 True  True        1.076    703.1          637.2  0.161  0.000  0.149  0.573    0.205
 3  6    6   24       0.4148        0.5185  0.208       795.9     2942.9   0.270  True    149.3      0.0    -145.1 True  True        1.132    703.1          637.2  0.192  0.000  0.028  0.567    0.195
 3  6    7   28       0.4148        0.5185  0.208       828.4     2987.6   0.277  True     75.3      0.0    -145.1 True  True        1.178    703.1          637.2  0.107  0.000  0.159  0.602    0.098
 3  6   10   40       0.4148        0.5185  0.208       900.9     3091.0   0.291  True    129.5      0.0    -145.1 True  True        1.281    703.1          637.2  0.186  0.000  0.062  0.512    0.172
 3  6   13   13       0.4148        0.5185  0.208       959.2     2765.1   0.347  True    118.2      0.0    -145.1 True  True        1.364    703.1          637.2  0.127  0.012  0.161  0.514    0.135
 3  6   17   17       0.4148        0.5185  0.208      1016.3     2842.9   0.358  True    112.3      0.0    -145.1 True  True        1.445    703.1          637.2  0.114  0.000  0.191  0.533    0.142
 4  2  -11   11       0.4217        0.7007  0.831      3749.4    10001.8   0.375  True    154.8      0.0    -870.7 True  True        1.864   2011.1         2761.5  0.048  0.000  0.118  0.665    0.181
 4  2   -7    7       0.4217        0.7007  0.831      3487.1     9551.7   0.365  True    545.6    525.0    -122.1 True  True        1.734   2011.1         2761.5  0.224  0.000  0.001  0.715    0.170
 4  2   -6   24       0.4217        0.7007  0.831      3398.6    10778.9   0.315  True     20.5      0.0    -870.7 True  True        1.690   2011.1         2761.5  0.011  0.050  0.036  0.732    0.121
 4  2   -5   20       0.4217        0.7007  0.831      3294.8    10597.3   0.311  True     66.1      0.0    -870.7 True  True        1.638   2011.1         2761.5  0.025  0.050  0.098  0.681    0.156
 4  2   -3    3       0.4217        0.7007  0.831      3010.0     8707.7   0.346  True    256.4    210.8    -520.5 True  True        1.497   2011.1         2761.5  0.101  0.055  0.001  0.766    0.137
 4  2   -2    8       0.4217        0.7007  0.831      2789.1     9684.7   0.288  True    365.6    210.8    -520.5 True  True        1.387   2011.1         2761.5  0.158  0.000  0.116  0.624    0.260
 4  2   -1    4       0.4155        0.7069  0.851      2420.7     8961.0   0.270  True    480.7    307.6    -478.1 True  True        1.222   1981.5         2750.4  0.279  0.000  0.050  0.624    0.292
 4  2    3   12       0.4217        0.7007  0.831      2920.1    10088.5   0.289  True    345.1    210.8    -520.5 True  True        1.452   2011.1         2761.5  0.138  0.000  0.001  0.769    0.141
 4  2    5    5       0.4217        0.7007  0.831      3237.9     9216.5   0.351  True    469.0    314.2    -472.3 True  True        1.610   2011.1         2761.5  0.205  0.000  0.000  0.711    0.159
 4  2    6   24       0.4217        0.7007  0.831      3351.2    10778.9   0.311  True    200.3      0.0    -870.7 True  True        1.666   2011.1         2761.5  0.069  0.000  0.041  0.740    0.123
 4  2    7   28       0.4217        0.7007  0.831      3446.1    10932.4   0.315  True    276.9    210.8    -520.5 True  True        1.714   2011.1         2761.5  0.099  0.000  0.094  0.697    0.172
 4  2   10   40       0.4217        0.7007  0.831      3661.7    11287.7   0.324  True    179.8      0.0    -870.7 True  True        1.821   2011.1         2761.5  0.051  0.000  0.094  0.679    0.141
 4  2   13   13       0.4217        0.7007  0.831      3824.0    10168.2   0.376  True    390.7    210.8    -520.5 True  True        1.901   2011.1         2761.5  0.131  0.000  0.084  0.669    0.184
 4  2   17   17       0.4217        0.7007  0.831      3986.5    10435.4   0.382  True    704.9    525.0    -122.1 True  True        1.982   2011.1         2761.5  0.240  0.000  0.001  0.413    0.182
 4  3  -11   11       0.4374        0.6699  0.510      4217.3    11130.7   0.379  True    342.2      0.0    -870.7 True  True        1.543   2733.8         3097.0  0.085  0.000  0.102  0.573    0.160
 4  3   -7    7       0.4374        0.6699  0.510      3911.5    10625.8   0.368  True    440.3    331.5    -394.6 True  True        1.431   2733.8         3097.0  0.119  0.000  0.169  0.648    0.141
 4  3   -6   24       0.4374        0.6699  0.510      3808.6    12002.1   0.317  True    108.7      0.0    -870.7 True  True        1.393   2733.8         3097.0  0.033  0.065  0.031  0.636    0.206
 4  3   -5   20       0.4374        0.6699  0.510      3687.9    11798.5   0.313  True    219.0      0.0    -870.7 True  True        1.349   2733.8         3097.0  0.061  0.079  0.084  0.589    0.123
 4  3   -3    3       0.4374        0.6699  0.510      3358.8     9679.4   0.347  True    467.3    331.5    -394.6 True  True        1.229   2733.8         3097.0  0.148  0.087  0.000  0.667    0.233
 4  3   -2    8       0.4374        0.6699  0.510      3106.1    10775.0   0.288  True    639.4    331.5    -394.6 True  True        1.136   2733.8         3097.0  0.227  0.008  0.100  0.532    0.252
 4  3   -1    4       0.4572        0.6548  0.477      2775.4    10208.7   0.272  True    386.1      0.0    -870.7 True  True        0.971   2857.6         3166.3  0.141  0.021  0.274  0.516    0.307
 4  3    3   12       0.4374        0.6699  0.510      3193.5    11227.9   0.284  True    599.4    331.5    -394.6 True  True        1.168   2733.8         3097.0  0.198  0.000  0.000  0.688    0.246
 4  3    5    5       0.4374        0.6699  0.510      3584.0    10250.0   0.350  True    333.4      0.0    -870.7 True  True        1.311   2733.8         3097.0  0.094  0.000  0.185  0.618    0.126
 4  3    6   24       0.4374        0.6699  0.510      3714.7    12002.1   0.310  True    443.7      0.0    -870.7 True  True        1.359   2733.8         3097.0  0.126  0.000  0.031  0.646    0.211
 4  3    7   28       0.4374        0.6699  0.510      3828.7    12174.3   0.314  True    541.7    331.5    -394.6 True  True        1.401   2733.8         3097.0  0.152  0.000  0.082  0.638    0.144
 4  3   10   40       0.4374        0.6699  0.510      4094.1    12572.7   0.326  True    378.1      0.0    -870.7 True  True        1.498   2733.8         3097.0  0.112  0.000  0.078  0.585    0.111
 4  3   13   13       0.4374        0.6699  0.510      4284.1    11317.3   0.379  True    684.2    331.5    -394.6 True  True        1.567   2733.8         3097.0  0.185  0.006  0.073  0.579    0.166
 4  3   17   17       0.4374        0.6699  0.510      4479.3    11616.9   0.386  True    675.4    331.5    -394.6 True  True        1.639   2733.8         3097.0  0.161  0.000  0.142  0.602    0.169
 4  4  -11   11       0.4229        0.6680  0.395      4564.0    11979.7   0.381  True    490.8      0.0    -870.7 True  True        1.426   3201.4         3349.3  0.110  0.025  0.091  0.534    0.199
 4  4   -7    7       0.4229        0.6680  0.395      4223.8    11433.7   0.369  True    599.9    408.8    -313.2 True  True        1.319   3201.4         3349.3  0.147  0.002  0.147  0.623    0.182
 4  4   -6   24       0.4229        0.6680  0.395      4112.2    12922.1   0.318  True    200.5      0.0    -870.7 True  True        1.284   3201.4         3349.3  0.051  0.077  0.027  0.589    0.260
 4  4   -5   20       0.4229        0.6680  0.395      3981.1    12701.8   0.313  True    349.4      0.0    -870.7 True  True        1.244   3201.4         3349.3  0.088  0.094  0.077  0.548    0.165
 4  4   -3    3       0.4229        0.6680  0.395      3621.0    10410.1   0.348  True    627.5    408.8    -313.2 True  True        1.131   3201.4         3349.3  0.180  0.101  0.000  0.624    0.295
 4  4   -2    8       0.4229        0.6680  0.395      3345.2    11595.0   0.289  True    825.6    408.8    -313.2 True  True        1.045   3201.4         3349.3  0.267  0.015  0.092  0.496    0.319
 4  4   -1    4       0.4292        0.6621  0.386      2914.5    10840.8   0.269  True    508.5      0.0    -870.7 True  True        0.897   3249.5         3377.0  0.175  0.034  0.232  0.498    0.371
 4  4    3   12       0.4229        0.6680  0.395      3405.9    12084.8   0.282  True    791.9    408.8    -313.2 True  True        1.064   3201.4         3349.3  0.241  0.003  0.000  0.647    0.313
 4  4    5    5       0.4229        0.6680  0.395      3834.0    11027.2   0.348  True    467.8      0.0    -870.7 True  True        1.198   3201.4         3349.3  0.122  0.000  0.162  0.585    0.172
 4  4    6   24       0.4229        0.6680  0.395      3985.6    12922.1   0.308  True    616.7      0.0    -870.7 True  True        1.245   3201.4         3349.3  0.157  0.002  0.031  0.604    0.268
 4  4    7   28       0.4229        0.6680  0.395      4107.7    13108.3   0.313  True    735.2    408.8    -313.2 True  True        1.283   3201.4         3349.3  0.186  0.000  0.075  0.611    0.187
 4  4   10   40       0.4229        0.6680  0.395      4402.8    13539.2   0.325  True    550.7      0.0    -870.7 True  True        1.375   3201.4         3349.3  0.141  0.000  0.072  0.546    0.150
 4  4   13   13       0.4229        0.6680  0.395      4618.9    12181.5   0.379  True    899.1    408.8    -313.2 True  True        1.443   3201.4         3349.3  0.213  0.013  0.066  0.543    0.208
 4  4   17   17       0.4229        0.6680  0.395      4842.9    12505.5   0.387  True    876.1    408.8    -313.2 True  True        1.513   3201.4         3349.3  0.186  0.000  0.119  0.569    0.210

c0 = 2.657e-05, C0 = 192. Runs: 140. All rigorous checks True: True
