EXPLORATORY: mod-p greedy selection (two primes, rejections not certified). Source: results/2026-10-08-selection-modp-N567-EXPLORATORY.jsonl
Command: python src/selection_modp.py N 1,...,N 5,-7,-1,13 for N = 5, 6, 7
c0 = 1/37636 = 2.66e-5 (paper's lower bound for S1/(M H^(2/3) U)); C0 = 192 (upper bound for S2/(M H^(-1/3) U)); C0/c0 = 7.2e6
 N  H   d agree  tried     M maxw   bound  S1norm  S2norm  S2/S1 H*S2/S1
 5  1   5  True    817   625   16     821   0.433   0.762  1.760   1.760
 5  2   5  True    628   625   22    1303   0.427   0.755  0.884   1.768
 5  3   5  True    627   625   29    1707   0.436   0.734  0.561   1.683
 5  4   5  True    628   625   35    2068   0.436   0.723  0.415   1.661
 5  5   5  True    647   625   41    2400   0.445   0.704  0.316   1.582
 5  1  -7  True    817   625   16     821   0.433   0.762  1.760   1.760
 5  2  -7  True    628   625   22    1303   0.427   0.755  0.884   1.768
 5  3  -7  True    627   625   29    1707   0.436   0.734  0.561   1.683
 5  4  -7  True    628   625   35    2068   0.436   0.723  0.415   1.661
 5  5  -7  True    647   625   41    2400   0.445   0.704  0.316   1.582
 5  1  -1  True    817   625   16     821   0.431   0.763  1.769   1.769
 5  2  -1  True    634   625   22    1303   0.426   0.756  0.887   1.774
 5  3  -1  True    675   625   30    1707   0.455   0.719  0.527   1.581
 5  4  -1  True    635   625   35    2068   0.434   0.725  0.418   1.673
 5  5  -1  True    649   625   41    2400   0.444   0.705  0.318   1.590
 5  1  13  True    817   625   16     821   0.433   0.762  1.760   1.760
 5  2  13  True    628   625   22    1303   0.427   0.755  0.884   1.768
 5  3  13  True    627   625   29    1707   0.436   0.734  0.561   1.683
 5  4  13  True    628   625   35    2068   0.436   0.723  0.415   1.661
 5  5  13  True    647   625   41    2400   0.445   0.704  0.316   1.582
 6  1   5  True   1541  1296   20    1047   0.434   0.796  1.835   1.835
 6  2   5  True   1301  1296   29    1661   0.434   0.786  0.905   1.810
 6  3   5  True   1306  1296   38    2177   0.442   0.770  0.581   1.744
 6  4   5  True   1297  1296   45    2637   0.436   0.766  0.440   1.759
 6  5   5  True   1315  1296   53    3060   0.446   0.748  0.336   1.678
 6  6   5  True   1299  1296   59    3456   0.444   0.742  0.278   1.669
 6  1  -7  True   1541  1296   20    1047   0.434   0.796  1.835   1.835
 6  2  -7  True   1301  1296   29    1661   0.434   0.786  0.905   1.810
 6  3  -7  True   1306  1296   38    2177   0.442   0.770  0.581   1.744
 6  4  -7  True   1297  1296   45    2637   0.436   0.766  0.440   1.759
 6  5  -7  True   1315  1296   53    3060   0.446   0.748  0.336   1.678
 6  6  -7  True   1299  1296   59    3456   0.444   0.742  0.278   1.669
 6  1  -1  True   1541  1296   20    1047   0.433   0.797  1.841   1.841
 6  2  -1  True   1303  1296   29    1661   0.434   0.787  0.906   1.813
 6  3  -1  True   1386  1296   39    2177   0.455   0.759  0.556   1.668
 6  4  -1  True   1318  1296   46    2637   0.438   0.764  0.436   1.743
 6  5  -1  True   1322  1296   53    3060   0.445   0.749  0.336   1.682
 6  6  -1  True   1303  1296   59    3456   0.445   0.741  0.278   1.666
 6  1  13  True   1541  1296   20    1047   0.434   0.796  1.835   1.835
 6  2  13  True   1301  1296   29    1661   0.434   0.786  0.905   1.810
 6  3  13  True   1306  1296   38    2177   0.442   0.770  0.581   1.744
 6  4  13  True   1297  1296   45    2637   0.436   0.766  0.440   1.759
 6  5  13  True   1315  1296   53    3060   0.446   0.748  0.336   1.678
 6  6  13  True   1299  1296   59    3456   0.444   0.742  0.278   1.669
 7  1   5  True   2601  2401   24    1285   0.434   0.819  1.889   1.889
 7  2   5  True   2403  2401   36    2041   0.438   0.809  0.924   1.848
 7  3   5  True   2461  2401   48    2674   0.445   0.795  0.596   1.787
 7  4   5  True   2406  2401   57    3239   0.443   0.789  0.445   1.780
 7  5   5  True   2419  2401   66    3759   0.447   0.778  0.348   1.739
 7  6   5  True   2401  2401   74    4245   0.445   0.774  0.290   1.739
 7  7   5  True   2418  2401   82    4704   0.448   0.764  0.243   1.704
 7  1  -7  True   2601  2401   24    1285   0.434   0.819  1.889   1.889
 7  2  -7  True   2403  2401   36    2041   0.438   0.809  0.924   1.848
 7  3  -7  True   2461  2401   48    2674   0.445   0.795  0.596   1.787
 7  4  -7  True   2406  2401   57    3239   0.443   0.789  0.445   1.780
 7  5  -7  True   2419  2401   66    3759   0.447   0.778  0.348   1.739
 7  6  -7  True   2401  2401   74    4245   0.445   0.774  0.290   1.739
 7  7  -7  True   2418  2401   82    4704   0.448   0.764  0.243   1.704
 7  1  -1  True   2601  2401   24    1285   0.434   0.820  1.889   1.889
 7  2  -1  True   2414  2401   36    2041   0.437   0.809  0.925   1.851
 7  3  -1  True   2605  2401   49    2674   0.453   0.787  0.579   1.738
 7  4  -1  True   2423  2401   57    3239   0.442   0.789  0.446   1.784
 7  5  -1  True   2423  2401   66    3759   0.448   0.777  0.347   1.734
 7  6  -1  True   2418  2401   74    4245   0.445   0.774  0.290   1.740
 7  7  -1  True   2481  2401   83    4704   0.451   0.762  0.241   1.687
 7  1  13  True   2601  2401   24    1285   0.434   0.819  1.889   1.889
 7  2  13  True   2403  2401   36    2041   0.438   0.809  0.924   1.848
 7  3  13  True   2461  2401   48    2674   0.445   0.795  0.596   1.787
 7  4  13  True   2406  2401   57    3239   0.443   0.789  0.445   1.780
 7  5  13  True   2419  2401   66    3759   0.447   0.778  0.348   1.739
 7  6  13  True   2401  2401   74    4245   0.445   0.774  0.290   1.739
 7  7  13  True   2418  2401   82    4704   0.448   0.764  0.243   1.704

Ranges by N:
N=5: runs 20, all two-prime agree True, S1norm 0.426-0.455, H*S2/S1 1.581-1.774, max weight / bound 0.0195
N=6: runs 24, all two-prime agree True, S1norm 0.433-0.455, H*S2/S1 1.666-1.841, max weight / bound 0.0191
N=7: runs 28, all two-prime agree True, S1norm 0.434-0.453, H*S2/S1 1.687-1.889, max weight / bound 0.0187
